D = [0.021206082507026443, -0.04942446870465698, -0.0005510270058563127, -0.003901786633314777, 0.0]
K = [481.0835161840209, 0.0, 320.44945080513696, 0.0, 483.22040782975245, 234.47086873913653, 0.0, 0.0, 1.0]
R = [1.0, 0.0, 0.0, 0.0, 1.0, 0.0, 0.0, 0.0, 1.0]
P = [480.90983215436887, 0.0, 317.93268155323017, 0.0, 0.0, 485.08470401326855, 234.2116333112927, 0.0, 0.0, 0.0, 1.0, 0.0]
None
# oST version 5.0 parameters


[image]

width
640

height
480

[narrow_stereo]

camera matrix
481.083516 0.000000 320.449451
0.000000 483.220408 234.470869
0.000000 0.000000 1.000000

distortion
0.021206 -0.049424 -0.000551 -0.003902 0.000000

rectification
1.000000 0.000000 0.000000
0.000000 1.000000 0.000000
0.000000 0.000000 1.000000

projection
480.909832 0.000000 317.932682 0.000000
0.000000 485.084704 234.211633 0.000000
0.000000 0.000000 1.000000 0.000000

