D = [0.028629070959233897, -0.07396688758891719, 0.002236641300827955, -0.00032964740404731066, 0.0]
K = [468.2551254212514, 0.0, 317.7144627313127, 0.0, 468.9783807343852, 234.05877774888867, 0.0, 0.0, 1.0]
R = [1.0, 0.0, 0.0, 0.0, 1.0, 0.0, 0.0, 0.0, 1.0]
P = [466.95345698363303, 0.0, 317.418205047146, 0.0, 0.0, 470.1828304970243, 234.85147012203032, 0.0, 0.0, 0.0, 1.0, 0.0]
None
# oST version 5.0 parameters


[image]

width
640

height
480

[narrow_stereo]

camera matrix
468.255125 0.000000 317.714463
0.000000 468.978381 234.058778
0.000000 0.000000 1.000000

distortion
0.028629 -0.073967 0.002237 -0.000330 0.000000

rectification
1.000000 0.000000 0.000000
0.000000 1.000000 0.000000
0.000000 0.000000 1.000000

projection
466.953457 0.000000 317.418205 0.000000
0.000000 470.182830 234.851470 0.000000
0.000000 0.000000 1.000000 0.000000

