D = [0.047211471167358, -0.10001175951284376, 0.001241893867744051, -0.002873787352514683, 0.0]
K = [451.2833929274822, 0.0, 325.25939703523557, 0.0, 452.64311832567523, 241.24473685829753, 0.0, 0.0, 1.0]
R = [1.0, 0.0, 0.0, 0.0, 1.0, 0.0, 0.0, 0.0, 1.0]
P = [450.6398604605855, 0.0, 323.51985192403987, 0.0, 0.0, 455.3746724826964, 241.749751984323, 0.0, 0.0, 0.0, 1.0, 0.0]
None
# oST version 5.0 parameters


[image]

width
640

height
480

[narrow_stereo]

camera matrix
451.283393 0.000000 325.259397
0.000000 452.643118 241.244737
0.000000 0.000000 1.000000

distortion
0.047211 -0.100012 0.001242 -0.002874 0.000000

rectification
1.000000 0.000000 0.000000
0.000000 1.000000 0.000000
0.000000 0.000000 1.000000

projection
450.639860 0.000000 323.519852 0.000000
0.000000 455.374672 241.749752 0.000000
0.000000 0.000000 1.000000 0.000000


