D = [0.05289518184607176, -0.08914601039305144, -0.003645851308218057, -0.005469144617479923, 0.0]
K = [491.102873146469, 0.0, 335.30625143539913, 0.0, 489.3724122129245, 226.89042439322583, 0.0, 0.0, 1.0]
R = [1.0, 0.0, 0.0, 0.0, 1.0, 0.0, 0.0, 0.0, 1.0]
P = [494.9079478587885, 0.0, 332.1719649179133, 0.0, 0.0, 494.6484121972789, 225.30780612417945, 0.0, 0.0, 0.0, 1.0, 0.0]
None
# oST version 5.0 parameters


[image]

width
640

height
480

[narrow_stereo]

camera matrix
491.102873 0.000000 335.306251
0.000000 489.372412 226.890424
0.000000 0.000000 1.000000

distortion
0.052895 -0.089146 -0.003646 -0.005469 0.000000

rectification
1.000000 0.000000 0.000000
0.000000 1.000000 0.000000
0.000000 0.000000 1.000000

projection
494.907948 0.000000 332.171965 0.000000
0.000000 494.648412 225.307806 0.000000
0.000000 0.000000 1.000000 0.000000


