# oST version 5.0 parameters

[image]

width
640

height
480

[narrow_stereo]

camera matrix
476.911000 0.000000 318.603000
0.000000 477.010000 233.190000
0.000000 0.000000 1.000000

distortion
0.007437 -0.022885 0.000385 -0.001417 0.000000

rectification
1.000000 0.000000 0.000000
0.000000 1.000000 0.000000
0.000000 0.000000 1.000000

projection
476.911000 0.000000 318.603000 0.000000
0.000000 477.010000 233.190000 0.000000
0.000000 0.000000 1.000000 0.000000
