D = [0.005402202727560138, -0.019956605422843037, 0.0001896114901311789, -0.002157571188423231, 0.0]
K = [478.3818969672844, 0.0, 320.96031782999245, 0.0, 479.14804045387484, 233.34846199751655, 0.0, 0.0, 1.0]
R = [1.0, 0.0, 0.0, 0.0, 1.0, 0.0, 0.0, 0.0, 1.0]
P = [477.62907841742, 0.0, 319.57544587932, 0.0, 0.0, 479.52854233303634, 233.39913057235017, 0.0, 0.0, 0.0, 1.0, 0.0]
None
# oST version 5.0 parameters


[image]

width
640

height
480

[narrow_stereo]

camera matrix
478.381897 0.000000 320.960318
0.000000 479.148040 233.348462
0.000000 0.000000 1.000000

distortion
0.005402 -0.019957 0.000190 -0.002158 0.000000

rectification
1.000000 0.000000 0.000000
0.000000 1.000000 0.000000
0.000000 0.000000 1.000000

projection
477.629078 0.000000 319.575446 0.000000
0.000000 479.528542 233.399131 0.000000
0.000000 0.000000 1.000000 0.000000


