D = [0.013651562076268454, -0.05918153254957769, -0.0019369287524113009, -0.006893893680566504, 0.0]
K = [558.5707052415344, 0.0, 321.86573565219754, 0.0, 557.0650563218778, 235.28533897552592, 0.0, 0.0, 1.0]
R = [1.0, 0.0, 0.0, 0.0, 1.0, 0.0, 0.0, 0.0, 1.0]
P = [557.5186266594063, 0.0, 318.0075591196206, 0.0, 0.0, 558.924307848782, 234.55884829660044, 0.0, 0.0, 0.0, 1.0, 0.0]
None
# oST version 5.0 parameters


[image]

width
640

height
480

[narrow_stereo]

camera matrix
558.570705 0.000000 321.865736
0.000000 557.065056 235.285339
0.000000 0.000000 1.000000

distortion
0.013652 -0.059182 -0.001937 -0.006894 0.000000

rectification
1.000000 0.000000 0.000000
0.000000 1.000000 0.000000
0.000000 0.000000 1.000000

projection
557.518627 0.000000 318.007559 0.000000
0.000000 558.924308 234.558848 0.000000
0.000000 0.000000 1.000000 0.000000


