D = [0.0022757831089298378, -0.013503899118715473, -0.00014628955130680207, -0.002276620712664652, 0.0]
K = [468.12156178464545, 0.0, 313.84147767014923, 0.0, 467.8162814094171, 233.55755534296733, 0.0, 0.0, 1.0]
R = [1.0, 0.0, 0.0, 0.0, 1.0, 0.0, 0.0, 0.0, 1.0]
P = [467.12877094920503, 0.0, 312.2761799229479, 0.0, 0.0, 468.03784152646284, 233.47214352989894, 0.0, 0.0, 0.0, 1.0, 0.0]
None
# oST version 5.0 parameters


[image]

width
640

height
480

[narrow_stereo]

camera matrix
468.121562 0.000000 313.841478
0.000000 467.816281 233.557555
0.000000 0.000000 1.000000

distortion
0.002276 -0.013504 -0.000146 -0.002277 0.000000

rectification
1.000000 0.000000 0.000000
0.000000 1.000000 0.000000
0.000000 0.000000 1.000000

projection
467.128771 0.000000 312.276180 0.000000
0.000000 468.037842 233.472144 0.000000
0.000000 0.000000 1.000000 0.000000

