D = [0.017557313888622292, -0.03550198386873693, -0.000688482281112713, -0.004000099210153633, 0.0]
K = [475.39656818772715, 0.0, 313.8063996560117, 0.0, 474.7234372740254, 236.51270544872744, 0.0, 0.0, 1.0]
R = [1.0, 0.0, 0.0, 0.0, 1.0, 0.0, 0.0, 0.0, 1.0]
P = [475.5195439404576, 0.0, 311.11140525388856, 0.0, 0.0, 476.76145365346076, 236.21905854880035, 0.0, 0.0, 0.0, 1.0, 0.0]
None
# oST version 5.0 parameters


[image]

width
640

height
480

[narrow_stereo]

camera matrix
475.396568 0.000000 313.806400
0.000000 474.723437 236.512705
0.000000 0.000000 1.000000

distortion
0.017557 -0.035502 -0.000688 -0.004000 0.000000

rectification
1.000000 0.000000 0.000000
0.000000 1.000000 0.000000
0.000000 0.000000 1.000000

projection
475.519544 0.000000 311.111405 0.000000
0.000000 476.761454 236.219059 0.000000
0.000000 0.000000 1.000000 0.000000


