D = [0.004513800301212292, -0.022575090327593875, 0.0021839846863011855, 0.0027655234050729238, 0.0]
K = [485.7439084216876, 0.0, 325.8052645117065, 0.0, 486.3535476751258, 229.3411801079671, 0.0, 0.0, 1.0]
R = [1.0, 0.0, 0.0, 0.0, 1.0, 0.0, 0.0, 0.0, 1.0]
P = [484.6251451043302, 0.0, 327.69790557469037, 0.0, 0.0, 486.803042389279, 230.15749457974655, 0.0, 0.0, 0.0, 1.0, 0.0]
None
# oST version 5.0 parameters


[image]

width
640

height
480

[narrow_stereo]

camera matrix
485.743908 0.000000 325.805265
0.000000 486.353548 229.341180
0.000000 0.000000 1.000000

distortion
0.004514 -0.022575 0.002184 0.002766 0.000000

rectification
1.000000 0.000000 0.000000
0.000000 1.000000 0.000000
0.000000 0.000000 1.000000

projection
484.625145 0.000000 327.697906 0.000000
0.000000 486.803042 230.157495 0.000000
0.000000 0.000000 1.000000 0.000000




